# L logD1 LogD2 p12 p21 n
1079.99974494 0.991499219149 0.1 0.1 0.4 0
1093.42492763 0.991499219149 0.0977507002254 0.1 0.4 1
1093.42492763 0.991499219149 0.0977507002254 0.1 0.4 2
1093.42492763 0.991499219149 0.0977507002254 0.1 0.4 3
1093.2644795 1.01007449676 0.0977507002254 0.1 0.4 4
1093.2644795 1.01007449676 0.0977507002254 0.1 0.4 5
1094.71441773 1.01007449676 0.0977507002254 0.118711323095 0.4 6
1094.71441773 1.01007449676 0.0977507002254 0.118711323095 0.4 7
1095.05885046 0.976500344515 0.0977507002254 0.118711323095 0.4 8
1095.05885046 0.976500344515 0.0977507002254 0.118711323095 0.4 9
1095.61712345 0.976500344515 0.0977507002254 0.125826811866 0.4 10
1106.15909355 0.976500344515 0.0977507002254 0.125826811866 0.388712826638 11
1106.41981866 0.95233793585 0.0977507002254 0.125826811866 0.388712826638 12
1110.72699845 0.95233793585 0.097037854783 0.125826811866 0.388712826638 13
1109.88708376 0.95233793585 0.097037854783 0.114689738623 0.388712826638 14
1109.88708376 0.95233793585 0.097037854783 0.114689738623 0.388712826638 15
1109.82439523 0.958576301463 0.097037854783 0.114689738623 0.388712826638 16
1117.90771918 0.958576301463 0.0957163856415 0.114689738623 0.388712826638 17
1118.71722918 0.958576301463 0.0957163856415 0.125639421639 0.388712826638 18
1118.63061222 0.958576301463 0.0957163856415 0.125639421639 0.3888062722 19
1118.55122913 0.966101922226 0.0957163856415 0.125639421639 0.3888062722 20
1134.98455778 0.966101922226 0.0930831003072 0.125639421639 0.3888062722 21
1134.83778848 0.966101922226 0.0930831003072 0.123569844578 0.3888062722 22
1134.83778848 0.966101922226 0.0930831003072 0.123569844578 0.3888062722 23
1134.71212211 0.978927283968 0.0930831003072 0.123569844578 0.3888062722 24
1134.71212211 0.978927283968 0.0930831003072 0.123569844578 0.3888062722 25
1134.71212211 0.978927283968 0.0930831003072 0.123569844578 0.3888062722 26
1134.71212211 0.978927283968 0.0930831003072 0.123569844578 0.3888062722 27
1134.97958501 0.952077543893 0.0930831003072 0.123569844578 0.3888062722 28
1137.40118344 0.952077543893 0.0927013410959 0.123569844578 0.3888062722 29
1136.65326626 0.952077543893 0.0927013410959 0.113232389428 0.3888062722 30
1153.69222085 0.952077543893 0.0927013410959 0.113232389428 0.370310198555 31
1153.43903641 0.983160879591 0.0927013410959 0.113232389428 0.370310198555 32
1153.43903641 0.983160879591 0.0927013410959 0.113232389428 0.370310198555 33
1153.43903641 0.983160879591 0.0927013410959 0.113232389428 0.370310198555 34
1156.75240116 0.983160879591 0.0927013410959 0.113232389428 0.366663394178 35
1156.90892845 0.96325083111 0.0927013410959 0.113232389428 0.366663394178 36
1156.90892845 0.96325083111 0.0927013410959 0.113232389428 0.366663394178 37
1157.02345415 0.96325083111 0.0927013410959 0.115021114512 0.366663394178 38
1174.26573044 0.96325083111 0.0927013410959 0.115021114512 0.347350430878 39
1174.38423591 0.947213118432 0.0927013410959 0.115021114512 0.347350430878 40
1174.38423591 0.947213118432 0.0927013410959 0.115021114512 0.347350430878 41
1175.12793989 0.947213118432 0.0927013410959 0.127844894759 0.347350430878 42
1175.12793989 0.947213118432 0.0927013410959 0.127844894759 0.347350430878 43
1175.00561834 0.962229632523 0.0927013410959 0.127844894759 0.347350430878 44
1207.23375337 0.962229632523 0.0877860364846 0.127844894759 0.347350430878 45
1207.21692351 0.962229632523 0.0877860364846 0.127531201407 0.347350430878 46
1207.21692351 0.962229632523 0.0877860364846 0.127531201407 0.347350430878 47
1207.52203875 0.923202256379 0.0877860364846 0.127531201407 0.347350430878 48
1207.52203875 0.923202256379 0.0877860364846 0.127531201407 0.347350430878 49
1207.61468132 0.923202256379 0.0877860364846 0.129192257484 0.347350430878 50
1207.61468132 0.923202256379 0.0877860364846 0.129192257484 0.347350430878 51
1207.69273985 0.9138876291 0.0877860364846 0.129192257484 0.347350430878 52
1212.96670982 0.9138876291 0.0870065253623 0.129192257484 0.347350430878 53
1213.04935987 0.9138876291 0.0870065253623 0.130675976912 0.347350430878 54
1214.20943544 0.9138876291 0.0870065253623 0.130675976912 0.346026174123 55
1214.32546929 0.900306690906 0.0870065253623 0.130675976912 0.346026174123 56
1214.32546929 0.900306690906 0.0870065253623 0.130675976912 0.346026174123 57
1212.77883547 0.900306690906 0.0870065253623 0.103696595602 0.346026174123 58
1212.77883547 0.900306690906 0.0870065253623 0.103696595602 0.346026174123 59
1212.93924985 0.878134538561 0.0870065253623 0.103696595602 0.346026174123 60
1212.93924985 0.878134538561 0.0870065253623 0.103696595602 0.346026174123 61
1212.50206092 0.878134538561 0.0870065253623 0.0964859579163 0.346026174123 62
1211.49146068 0.878134538561 0.0870065253623 0.0964859579163 0.347168339652 63
1211.48449455 0.879128911797 0.0870065253623 0.0964859579163 0.347168339652 64
1221.02193545 0.879128911797 0.0856181550729 0.0964859579163 0.347168339652 65
1220.87619408 0.879128911797 0.0856181550729 0.094082318541 0.347168339652 66
1220.87619408 0.879128911797 0.0856181550729 0.094082318541 0.347168339652 67
1220.89007735 0.877061357738 0.0856181550729 0.094082318541 0.347168339652 68
1221.94802649 0.877061357738 0.0854655692177 0.094082318541 0.347168339652 69
1222.8605793 0.877061357738 0.0854655692177 0.109331076402 0.347168339652 70
1231.95069439 0.877061357738 0.0854655692177 0.109331076402 0.336790395142 71
1231.8870776 0.885957009143 0.0854655692177 0.109331076402 0.336790395142 72
1231.8870776 0.885957009143 0.0854655692177 0.109331076402 0.336790395142 73
1231.88197751 0.885957009143 0.0854655692177 0.109238737403 0.336790395142 74
1234.22509766 0.885957009143 0.0854655692177 0.109238737403 0.334092909335 75
1234.08543369 0.906587554284 0.0854655692177 0.109238737403 0.334092909335 76
1234.08543369 0.906587554284 0.0854655692177 0.109238737403 0.334092909335 77
1234.08543369 0.906587554284 0.0854655692177 0.109238737403 0.334092909335 78
1233.93780804 0.906587554284 0.0854655692177 0.109238737403 0.334262980131 79
1234.20634869 0.867874109683 0.0854655692177 0.109238737403 0.334262980131 80
1234.20634869 0.867874109683 0.0854655692177 0.109238737403 0.334262980131 81
1234.77409516 0.867874109683 0.0854655692177 0.11955183162 0.334262980131 82
1234.77409516 0.867874109683 0.0854655692177 0.11955183162 0.334262980131 83
1234.79191639 0.865628958752 0.0854655692177 0.11955183162 0.334262980131 84
1234.79191639 0.865628958752 0.0854655692177 0.11955183162 0.334262980131 85
1235.08548022 0.865628958752 0.0854655692177 0.124945039541 0.334262980131 86
1235.02895374 0.865628958752 0.0854655692177 0.124945039541 0.33432857502 87
1235.04642616 0.863527394544 0.0854655692177 0.124945039541 0.33432857502 88
1235.04642616 0.863527394544 0.0854655692177 0.124945039541 0.33432857502 89
1234.9626054 0.863527394544 0.0854655692177 0.12340433932 0.33432857502 90
1237.84733857 0.863527394544 0.0854655692177 0.12340433932 0.330975132595 91
1237.80657381 0.868610079649 0.0854655692177 0.12340433932 0.330975132595 92
1237.80657381 0.868610079649 0.0854655692177 0.12340433932 0.330975132595 93
1237.80657381 0.868610079649 0.0854655692177 0.12340433932 0.330975132595 94
1237.80657381 0.868610079649 0.0854655692177 0.12340433932 0.330975132595 95
1237.68575967 0.884077329279 0.0854655692177 0.12340433932 0.330975132595 96
1237.68575967 0.884077329279 0.0854655692177 0.12340433932 0.330975132595 97
1238.0055945 0.884077329279 0.0854655692177 0.129550788828 0.330975132595 98
1238.0055945 0.884077329279 0.0854655692177 0.129550788828 0.330975132595 99
1238.0055945 0.884077329279 0.0854655692177 0.129550788828 0.330975132595 100
1238.0055945 0.884077329279 0.0854655692177 0.129550788828 0.330975132595 101
1237.60400692 0.884077329279 0.0854655692177 0.121843187912 0.330975132595 102
1246.57374038 0.884077329279 0.0854655692177 0.121843187912 0.320470157 103
1246.63624982 0.875357712581 0.0854655692177 0.121843187912 0.320470157 104
1246.63624982 0.875357712581 0.0854655692177 0.121843187912 0.320470157 105
1247.1726374 0.875357712581 0.0854655692177 0.132665946146 0.320470157 106
1247.78859445 0.875357712581 0.0854655692177 0.132665946146 0.319740587295 107
1247.79777455 0.874182579283 0.0854655692177 0.132665946146 0.319740587295 108
1247.79777455 0.874182579283 0.0854655692177 0.132665946146 0.319740587295 109
1247.79777455 0.874182579283 0.0854655692177 0.132665946146 0.319740587295 110
1247.79777455 0.874182579283 0.0854655692177 0.132665946146 0.319740587295 111
1247.90402815 0.860833955868 0.0854655692177 0.132665946146 0.319740587295 112
1252.49134657 0.860833955868 0.0848059376312 0.132665946146 0.319740587295 113
1252.78256939 0.860833955868 0.0848059376312 0.138592861747 0.319740587295 114
1260.9913022 0.860833955868 0.0848059376312 0.138592861747 0.309928992672 115
1260.92798884 0.86898553229 0.0848059376312 0.138592861747 0.309928992672 116
1290.59046064 0.86898553229 0.0806649572416 0.138592861747 0.309928992672 117
1290.29767345 0.86898553229 0.0806649572416 0.131940923214 0.309928992672 118
1290.29767345 0.86898553229 0.0806649572416 0.131940923214 0.309928992672 119
1290.46580863 0.845382990274 0.0806649572416 0.131940923214 0.309928992672 120
1290.46580863 0.845382990274 0.0806649572416 0.131940923214 0.309928992672 121
1290.70536243 0.845382990274 0.0806649572416 0.13723744254 0.309928992672 122
1294.21105875 0.845382990274 0.0806649572416 0.13723744254 0.305709554627 123
1294.31836207 0.831183966051 0.0806649572416 0.13723744254 0.305709554627 124
1309.97584759 0.831183966051 0.0785619203481 0.13723744254 0.305709554627 125
1310.06093948 0.831183966051 0.0785619203481 0.139191544696 0.305709554627 126
1310.06093948 0.831183966051 0.0785619203481 0.139191544696 0.305709554627 127
1309.98548311 0.841310679991 0.0785619203481 0.139191544696 0.305709554627 128
1329.61173091 0.841310679991 0.0760040876157 0.139191544696 0.305709554627 129
1329.45094517 0.841310679991 0.0760040876157 0.135343685338 0.305709554627 130
1331.6889377 0.841310679991 0.0760040876157 0.135343685338 0.303012213307 131
1331.63525392 0.849330066728 0.0760040876157 0.135343685338 0.303012213307 132
1341.74935294 0.849330066728 0.0747196948942 0.135343685338 0.303012213307 133
1341.38198877 0.849330066728 0.0747196948942 0.126293771406 0.303012213307 134
1341.38198877 0.849330066728 0.0747196948942 0.126293771406 0.303012213307 135
1341.12743342 0.893566228517 0.0747196948942 0.126293771406 0.303012213307 136
1341.12743342 0.893566228517 0.0747196948942 0.126293771406 0.303012213307 137
1341.35799705 0.893566228517 0.0747196948942 0.132230757755 0.303012213307 138
1341.35799705 0.893566228517 0.0747196948942 0.132230757755 0.303012213307 139
1341.35614903 0.893891842337 0.0747196948942 0.132230757755 0.303012213307 140
1341.35614903 0.893891842337 0.0747196948942 0.132230757755 0.303012213307 141
1341.28644958 0.893891842337 0.0747196948942 0.130428789263 0.303012213307 142
1351.473954 0.893891842337 0.0747196948942 0.130428789263 0.290669285029 143
1351.55400262 0.878723064693 0.0747196948942 0.130428789263 0.290669285029 144
1353.06236964 0.878723064693 0.0745302867557 0.130428789263 0.290669285029 145
1353.07108128 0.878723064693 0.0745302867557 0.130666200003 0.290669285029 146
1353.07108128 0.878723064693 0.0745302867557 0.130666200003 0.290669285029 147
1353.01125823 0.89002054852 0.0745302867557 0.130666200003 0.290669285029 148
1353.01125823 0.89002054852 0.0745302867557 0.130666200003 0.290669285029 149
1353.11535972 0.89002054852 0.0745302867557 0.133544580054 0.290669285029 150
1359.1014184 0.89002054852 0.0745302867557 0.133544580054 0.283318615175 151
1358.94912596 0.921136345033 0.0745302867557 0.133544580054 0.283318615175 152
1371.01600185 0.921136345033 0.0730332804609 0.133544580054 0.283318615175 153
1371.08211401 0.921136345033 0.0730332804609 0.135553639619 0.283318615175 154
1381.27610938 0.921136345033 0.0730332804609 0.135553639619 0.270659623489 155
1381.16249029 0.948432542452 0.0730332804609 0.135553639619 0.270659623489 156
1381.16249029 0.948432542452 0.0730332804609 0.135553639619 0.270659623489 157
1381.17848357 0.948432542452 0.0730332804609 0.136089995078 0.270659623489 158
1381.17848357 0.948432542452 0.0730332804609 0.136089995078 0.270659623489 159
1381.1791401 0.948270344736 0.0730332804609 0.136089995078 0.270659623489 160
1381.1791401 0.948270344736 0.0730332804609 0.136089995078 0.270659623489 161
1381.45923619 0.948270344736 0.0730332804609 0.145569154519 0.270659623489 162
1398.84293245 0.948270344736 0.0730332804609 0.145569154519 0.248574968481 163
1398.98861763 0.910806823555 0.0730332804609 0.145569154519 0.248574968481 164
1426.22879374 0.910806823555 0.0697671986986 0.145569154519 0.248574968481 165
1426.34927589 0.910806823555 0.0697671986986 0.150275875146 0.248574968481 166
1426.34927589 0.910806823555 0.0697671986986 0.150275875146 0.248574968481 167
1426.43382263 0.8900221003 0.0697671986986 0.150275875146 0.248574968481 168
1426.43382263 0.8900221003 0.0697671986986 0.150275875146 0.248574968481 169
1426.85546556 0.8900221003 0.0697671986986 0.166703710375 0.248574968481 170
1426.85546556 0.8900221003 0.0697671986986 0.166703710375 0.248574968481 171
1426.78865367 0.904823432455 0.0697671986986 0.166703710375 0.248574968481 172
1426.78865367 0.904823432455 0.0697671986986 0.166703710375 0.248574968481 173
1426.58693997 0.904823432455 0.0697671986986 0.158673259792 0.248574968481 174
1426.58693997 0.904823432455 0.0697671986986 0.158673259792 0.248574968481 175
1426.59591611 0.902708929911 0.0697671986986 0.158673259792 0.248574968481 176
1426.78851076 0.902708929911 0.0697446255436 0.158673259792 0.248574968481 177
1426.92808182 0.902708929911 0.0697446255436 0.164209049761 0.248574968481 178
1426.92808182 0.902708929911 0.0697446255436 0.164209049761 0.248574968481 179
1426.9653545 0.894309138254 0.0697446255436 0.164209049761 0.248574968481 180
1429.18676488 0.894309138254 0.0694847220486 0.164209049761 0.248574968481 181
1429.19015429 0.894309138254 0.0694847220486 0.164343399464 0.248574968481 182
1429.19015429 0.894309138254 0.0694847220486 0.164343399464 0.248574968481 183
1429.19015429 0.894309138254 0.0694847220486 0.164343399464 0.248574968481 184
1429.19015429 0.894309138254 0.0694847220486 0.164343399464 0.248574968481 185
1428.98637768 0.894309138254 0.0694847220486 0.156315873852 0.248574968481 186
1428.98637768 0.894309138254 0.0694847220486 0.156315873852 0.248574968481 187
1428.86216306 0.92451871389 0.0694847220486 0.156315873852 0.248574968481 188
1428.86216306 0.92451871389 0.0694847220486 0.156315873852 0.248574968481 189
1429.08300897 0.92451871389 0.0694847220486 0.165284326614 0.248574968481 190
1428.86573976 0.92451871389 0.0694847220486 0.165284326614 0.24885554909 191
1428.86221078 0.925362385185 0.0694847220486 0.165284326614 0.24885554909 192
1428.86221078 0.925362385185 0.0694847220486 0.165284326614 0.24885554909 193
1428.9323094 0.925362385185 0.0694847220486 0.168155135102 0.24885554909 194
1433.39811032 0.925362385185 0.0694847220486 0.168155135102 0.243066342577 195
1433.49913158 0.901312316683 0.0694847220486 0.168155135102 0.243066342577 196
1451.95610477 0.901312316683 0.0673629964674 0.168155135102 0.243066342577 197
1452.25165192 0.901312316683 0.0673629964674 0.180879319085 0.243066342577 198
1452.25165192 0.901312316683 0.0673629964674 0.180879319085 0.243066342577 199
1452.1378573 0.927611371673 0.0673629964674 0.180879319085 0.243066342577 200
1459.21370329 0.927611371673 0.0665668276634 0.180879319085 0.243066342577 201
1459.21370329 0.927611371673 0.0665668276634 0.180879319085 0.243066342577 202
1475.73114685 0.927611371673 0.0665668276634 0.180879319085 0.221283670519 203
1475.83563593 0.899184814491 0.0665668276634 0.180879319085 0.221283670519 204
1475.83563593 0.899184814491 0.0665668276634 0.180879319085 0.221283670519 205
1476.201096 0.899184814491 0.0665668276634 0.199419176046 0.221283670519 206
1480.18507028 0.899184814491 0.0665668276634 0.199419176046 0.215923180294 207
1480.2311635 0.887834446551 0.0665668276634 0.199419176046 0.215923180294 208
1481.61323264 0.887834446551 0.0664124760091 0.199419176046 0.215923180294 209
1481.88393902 0.887834446551 0.0664124760091 0.213798875788 0.215923180294 210
1481.88393902 0.887834446551 0.0664124760091 0.213798875788 0.215923180294 211
1481.90873604 0.882211957728 0.0664124760091 0.213798875788 0.215923180294 212
1487.64153272 0.882211957728 0.065775778502 0.213798875788 0.215923180294 213
1487.64153272 0.882211957728 0.065775778502 0.213798875788 0.215923180294 214
1487.64153272 0.882211957728 0.065775778502 0.213798875788 0.215923180294 215
1487.58809018 0.894562496131 0.065775778502 0.213798875788 0.215923180294 216
1495.38930418 0.894562496131 0.0649193092583 0.213798875788 0.215923180294 217
1495.40921125 0.894562496131 0.0649193092583 0.214895575619 0.215923180294 218
1503.31884207 0.894562496131 0.0649193092583 0.214895575619 0.205162740169 219
1503.57360299 0.833973228138 0.0649193092583 0.214895575619 0.205162740169 220
1503.57360299 0.833973228138 0.0649193092583 0.214895575619 0.205162740169 221
1503.6555631 0.833973228138 0.0649193092583 0.219459603659 0.205162740169 222
1508.89160772 0.833973228138 0.0649193092583 0.219459603659 0.197942507221 223
1508.88740367 0.83493471248 0.0649193092583 0.219459603659 0.197942507221 224
1519.07595079 0.83493471248 0.0638178343527 0.219459603659 0.197942507221 225
1519.27294201 0.83493471248 0.0638178343527 0.231278437943 0.197942507221 226
1523.58793006 0.83493471248 0.0638178343527 0.231278437943 0.191941275842 227
1523.53582562 0.847257881143 0.0638178343527 0.231278437943 0.191941275842 228
1523.53582562 0.847257881143 0.0638178343527 0.231278437943 0.191941275842 229
1523.77595725 0.847257881143 0.0638178343527 0.246718908712 0.191941275842 230
1523.77595725 0.847257881143 0.0638178343527 0.246718908712 0.191941275842 231
1523.86500596 0.82760632735 0.0638178343527 0.246718908712 0.191941275842 232
1523.86500596 0.82760632735 0.0638178343527 0.246718908712 0.191941275842 233
1523.97585286 0.82760632735 0.0638178343527 0.253773126968 0.191941275842 234
1523.97585286 0.82760632735 0.0638178343527 0.253773126968 0.191941275842 235
1523.95857015 0.831247646575 0.0638178343527 0.253773126968 0.191941275842 236
1534.97952179 0.831247646575 0.0626468638631 0.253773126968 0.191941275842 237
1534.95981902 0.831247646575 0.0626468638631 0.252489290021 0.191941275842 238
1535.80642419 0.831247646575 0.0626468638631 0.252489290021 0.190755945838 239
1535.82473508 0.827255202949 0.0626468638631 0.252489290021 0.190755945838 240
1535.82473508 0.827255202949 0.0626468638631 0.252489290021 0.190755945838 241
1535.82473508 0.827255202949 0.0626468638631 0.252489290021 0.190755945838 242
1535.82473508 0.827255202949 0.0626468638631 0.252489290021 0.190755945838 243
1535.87155962 0.817228909114 0.0626468638631 0.252489290021 0.190755945838 244
1545.07647444 0.817228909114 0.0616854151991 0.252489290021 0.190755945838 245
1545.13162142 0.817228909114 0.0616854151991 0.256111768264 0.190755945838 246
1551.91342775 0.817228909114 0.0616854151991 0.256111768264 0.181199053508 247
1551.88581674 0.823598181482 0.0616854151991 0.256111768264 0.181199053508 248
1551.88581674 0.823598181482 0.0616854151991 0.256111768264 0.181199053508 249
1551.88367736 0.823598181482 0.0616854151991 0.255959904737 0.181199053508 250
1551.88367736 0.823598181482 0.0616854151991 0.255959904737 0.181199053508 251
1552.12865443 0.770494235538 0.0616854151991 0.255959904737 0.181199053508 252
1552.12865443 0.770494235538 0.0616854151991 0.255959904737 0.181199053508 253
1552.2563567 0.770494235538 0.0616854151991 0.26452240669 0.181199053508 254
1552.47221574 0.770494235538 0.0616854151991 0.26452240669 0.180892072674 255
1552.68553776 0.730897209213 0.0616854151991 0.26452240669 0.180892072674 256
1571.62144738 0.730897209213 0.059752891382 0.26452240669 0.180892072674 257
1571.60008845 0.730897209213 0.059752891382 0.263109923452 0.180892072674 258
1582.53344033 0.730897209213 0.059752891382 0.263109923452 0.165199176351 259
1582.49719505 0.738517025734 0.059752891382 0.263109923452 0.165199176351 260
1599.16017947 0.738517025734 0.0581043102106 0.263109923452 0.165199176351 261
1599.27691 0.738517025734 0.0581043102106 0.272148039293 0.165199176351 262
1604.38652147 0.738517025734 0.0581043102106 0.272148039293 0.15777704754 263
1604.35497788 0.74574042188 0.0581043102106 0.272148039293 0.15777704754 264
1604.35497788 0.74574042188 0.0581043102106 0.272148039293 0.15777704754 265
1604.41762271 0.74574042188 0.0581043102106 0.277372391803 0.15777704754 266
1605.34457722 0.74574042188 0.0581043102106 0.277372391803 0.156423881028 267
1605.3942545 0.734495025548 0.0581043102106 0.277372391803 0.156423881028 268
1607.69365185 0.734495025548 0.0578804639574 0.277372391803 0.156423881028 269
1607.6399613 0.734495025548 0.0578804639574 0.272890415415 0.156423881028 270
1609.25341727 0.734495025548 0.0578804639574 0.272890415415 0.154064367485 271
1609.23702101 0.738317740337 0.0578804639574 0.272890415415 0.154064367485 272
1609.23702101 0.738317740337 0.0578804639574 0.272890415415 0.154064367485 273
1609.467045 0.738317740337 0.0578804639574 0.292688861672 0.154064367485 274
1609.467045 0.738317740337 0.0578804639574 0.292688861672 0.154064367485 275
1609.42951389 0.746665389715 0.0578804639574 0.292688861672 0.154064367485 276
1622.33007853 0.746665389715 0.0566405180839 0.292688861672 0.154064367485 277
1622.30755458 0.746665389715 0.0566405180839 0.290676108178 0.154064367485 278
1622.30755458 0.746665389715 0.0566405180839 0.290676108178 0.154064367485 279
1622.29918887 0.748612222567 0.0566405180839 0.290676108178 0.154064367485 280
1623.95286782 0.748612222567 0.0564835260717 0.290676108178 0.154064367485 281
1624.16851953 0.748612222567 0.0564835260717 0.310175759318 0.154064367485 282
1630.27733813 0.748612222567 0.0564835260717 0.310175759318 0.145048458577 283
1630.22823101 0.760553403366 0.0564835260717 0.310175759318 0.145048458577 284
1630.22823101 0.760553403366 0.0564835260717 0.310175759318 0.145048458577 285
1630.09730157 0.760553403366 0.0564835260717 0.297180970957 0.145048458577 286
1629.67429375 0.760553403366 0.0564835260717 0.297180970957 0.145674014121 287
1629.61444022 0.776193514175 0.0564835260717 0.297180970957 0.145674014121 288
1629.61444022 0.776193514175 0.0564835260717 0.297180970957 0.145674014121 289
1629.60162778 0.776193514175 0.0564835260717 0.295899928062 0.145674014121 290
1634.21539088 0.776193514175 0.0564835260717 0.295899928062 0.138835693219 291
1634.15328933 0.794375401708 0.0564835260717 0.295899928062 0.138835693219 292
1637.35469184 0.794375401708 0.0561811215085 0.295899928062 0.138835693219 293
1637.38537869 0.794375401708 0.0561811215085 0.299244599591 0.138835693219 294
1639.66552754 0.794375401708 0.0561811215085 0.299244599591 0.135440475362 295
1639.72023503 0.777865602313 0.0561811215085 0.299244599591 0.135440475362 296
1640.09085949 0.777865602313 0.0561462173701 0.299244599591 0.135440475362 297
1640.14317009 0.777865602313 0.0561462173701 0.305037445411 0.135440475362 298
1640.14317009 0.777865602313 0.0561462173701 0.305037445411 0.135440475362 299
1640.07832378 0.797174719283 0.0561462173701 0.305037445411 0.135440475362 300
1640.07832378 0.797174719283 0.0561462173701 0.305037445411 0.135440475362 301
1640.02974292 0.797174719283 0.0561462173701 0.299536731308 0.135440475362 302
1640.70798497 0.797174719283 0.0561462173701 0.299536731308 0.134428366369 303
1640.74411547 0.786003358558 0.0561462173701 0.299536731308 0.134428366369 304
1640.74411547 0.786003358558 0.0561462173701 0.299536731308 0.134428366369 305
1640.86071858 0.786003358558 0.0561462173701 0.312734377384 0.134428366369 306
1641.22737435 0.786003358558 0.0561462173701 0.312734377384 0.13387962478 307
1641.24109447 0.781987814516 0.0561462173701 0.312734377384 0.13387962478 308
1641.24109447 0.781987814516 0.0561462173701 0.312734377384 0.13387962478 309
1641.0028369 0.781987814516 0.0561462173701 0.285912648881 0.13387962478 310
1642.0536115 0.781987814516 0.0561462173701 0.285912648881 0.1323100987 311
1642.02306358 0.791933604392 0.0561462173701 0.285912648881 0.1323100987 312
1645.75356999 0.791933604392 0.0557962383442 0.285912648881 0.1323100987 313
1645.72260418 0.791933604392 0.0557962383442 0.282363789487 0.1323100987 314
1645.72260418 0.791933604392 0.0557962383442 0.282363789487 0.1323100987 315
1645.78619236 0.771150821991 0.0557962383442 0.282363789487 0.1323100987 316
1645.78619236 0.771150821991 0.0557962383442 0.282363789487 0.1323100987 317
1645.70574245 0.771150821991 0.0557962383442 0.273413567998 0.1323100987 318
1648.21401862 0.771150821991 0.0557962383442 0.273413567998 0.128557929872 319
1648.23368297 0.76452736756 0.0557962383442 0.273413567998 0.128557929872 320
1648.23368297 0.76452736756 0.0557962383442 0.273413567998 0.128557929872 321
1648.18343093 0.76452736756 0.0557962383442 0.267711750574 0.128557929872 322
1652.91551685 0.76452736756 0.0557962383442 0.267711750574 0.121442276451 323
1652.92740798 0.760199146308 0.0557962383442 0.267711750574 0.121442276451 324
1653.66739575 0.760199146308 0.0557271096314 0.267711750574 0.121442276451 325
1653.68467971 0.760199146308 0.0557271096314 0.269798221479 0.121442276451 326
1653.68467971 0.760199146308 0.0557271096314 0.269798221479 0.121442276451 327
1653.76174138 0.733511188103 0.0557271096314 0.269798221479 0.121442276451 328
1653.76174138 0.733511188103 0.0557271096314 0.269798221479 0.121442276451 329
1653.82679176 0.733511188103 0.0557271096314 0.277443986286 0.121442276451 330
1655.8567626 0.733511188103 0.0557271096314 0.277443986286 0.118365892645 331
1655.85067449 0.735560588927 0.0557271096314 0.277443986286 0.118365892645 332
1658.31632182 0.735560588927 0.0554973611295 0.277443986286 0.118365892645 333
1658.40462147 0.735560588927 0.0554973611295 0.288307402777 0.118365892645 334
1658.40462147 0.735560588927 0.0554973611295 0.288307402777 0.118365892645 335
1658.41384621 0.732554588864 0.0554973611295 0.288307402777 0.118365892645 336
1676.42908463 0.732554588864 0.0538470736276 0.288307402777 0.118365892645 337
1676.33625977 0.732554588864 0.0538470736276 0.276623162941 0.118365892645 338
1677.73005868 0.732554588864 0.0538470736276 0.276623162941 0.116250673677 339
1677.73871646 0.729479356789 0.0538470736276 0.276623162941 0.116250673677 340
1677.73871646 0.729479356789 0.0538470736276 0.276623162941 0.116250673677 341
1677.77308445 0.729479356789 0.0538470736276 0.281009830664 0.116250673677 342
1678.358242 0.729479356789 0.0538470736276 0.281009830664 0.115360689068 343
1678.39245434 0.717648200898 0.0538470736276 0.281009830664 0.115360689068 344
1678.39245434 0.717648200898 0.0538470736276 0.281009830664 0.115360689068 345
1678.28926038 0.717648200898 0.0538470736276 0.267968773496 0.115360689068 346
1678.11665482 0.717648200898 0.0538470736276 0.267968773496 0.115623024008 347
1678.10701361 0.721081154385 0.0538470736276 0.267968773496 0.115623024008 348
1684.13313953 0.721081154385 0.053306271368 0.267968773496 0.115623024008 349
1684.25407394 0.721081154385 0.053306271368 0.283432275378 0.115623024008 350
1694.39847056 0.721081154385 0.053306271368 0.283432275378 0.100064545331 351
1694.32865991 0.751007377638 0.053306271368 0.283432275378 0.100064545331 352
1694.32865991 0.751007377638 0.053306271368 0.283432275378 0.100064545331 353
1694.20186426 0.751007377638 0.053306271368 0.263630099827 0.100064545331 354
1694.20186426 0.751007377638 0.053306271368 0.263630099827 0.100064545331 355
1694.2188083 0.742983415893 0.053306271368 0.263630099827 0.100064545331 356
1702.06595979 0.742983415893 0.0526106737742 0.263630099827 0.100064545331 357
1702.13754734 0.742983415893 0.0526106737742 0.274778909368 0.100064545331 358
1702.13754734 0.742983415893 0.0526106737742 0.274778909368 0.100064545331 359
1702.10440264 0.75846319176 0.0526106737742 0.274778909368 0.100064545331 360
1720.60536748 0.75846319176 0.0510064373435 0.274778909368 0.100064545331 361
1720.61425111 0.75846319176 0.0510064373435 0.276236230638 0.100064545331 362
1720.61425111 0.75846319176 0.0510064373435 0.276236230638 0.100064545331 363
1720.65769941 0.737722639301 0.0510064373435 0.276236230638 0.100064545331 364
1726.29080199 0.737722639301 0.0505277530956 0.276236230638 0.100064545331 365
1726.29080199 0.737722639301 0.0505277530956 0.276236230638 0.100064545331 366
1728.21979509 0.737722639301 0.0505277530956 0.276236230638 0.0970878669301 367
1728.19403078 0.75047120082 0.0505277530956 0.276236230638 0.0970878669301 368
1734.97661039 0.75047120082 0.0499574443115 0.276236230638 0.0970878669301 369
1734.97788367 0.75047120082 0.0499574443115 0.276454474928 0.0970878669301 370
1734.97788367 0.75047120082 0.0499574443115 0.276454474928 0.0970878669301 371
1734.99809795 0.740312633754 0.0499574443115 0.276454474928 0.0970878669301 372
1738.48800198 0.740312633754 0.0496665062482 0.276454474928 0.0970878669301 373
1738.46658369 0.740312633754 0.0496665062482 0.272815123822 0.0970878669301 374
1755.39934868 0.740312633754 0.0496665062482 0.272815123822 0.0705969366868 375
1755.38721687 0.749329653087 0.0496665062482 0.272815123822 0.0705969366868 376
1771.01832175 0.749329653087 0.0483851349538 0.272815123822 0.0705969366868 377
1771.04796055 0.749329653087 0.0483851349538 0.280215468709 0.0705969366868 378
1771.04796055 0.749329653087 0.0483851349538 0.280215468709 0.0705969366868 379
1771.03563926 0.758760134817 0.0483851349538 0.280215468709 0.0705969366868 380
1788.3096485 0.758760134817 0.0470075448561 0.280215468709 0.0705969366868 381
1788.35216199 0.758760134817 0.0470075448561 0.29133742601 0.0705969366868 382
1788.58073871 0.758760134817 0.0470075448561 0.29133742601 0.0702346300851 383
1788.55701606 0.777648993157 0.0470075448561 0.29133742601 0.0702346300851 384
1788.55701606 0.777648993157 0.0470075448561 0.29133742601 0.0702346300851 385
1788.54627076 0.777648993157 0.0470075448561 0.288436789843 0.0702346300851 386
1804.35950512 0.777648993157 0.0470075448561 0.288436789843 0.0448751020562 387
1804.36616772 0.768735547046 0.0470075448561 0.288436789843 0.0448751020562 388
1804.36616772 0.768735547046 0.0470075448561 0.288436789843 0.0448751020562 389
1804.37161635 0.768735547046 0.0470075448561 0.290770281629 0.0448751020562 390
1812.03482402 0.768735547046 0.0470075448561 0.290770281629 0.0323527962396 391
1812.05148253 0.739080442853 0.0470075448561 0.290770281629 0.0323527962396 392
1846.15919451 0.739080442853 0.0444038923328 0.290770281629 0.0323527962396 393
1846.18270645 0.739080442853 0.0444038923328 0.305210434007 0.0323527962396 394
1847.34919323 0.739080442853 0.0444038923328 0.305210434007 0.0304319152982 395
1847.34437689 0.7481053366 0.0444038923328 0.305210434007 0.0304319152982 396
1862.84960197 0.7481053366 0.043268510817 0.305210434007 0.0304319152982 397
1862.84675872 0.7481053366 0.043268510817 0.303277366005 0.0304319152982 398
1865.84697098 0.7481053366 0.043268510817 0.303277366005 0.0254801976423 399
1865.84800353 0.745679466329 0.043268510817 0.303277366005 0.0254801976423 400
1865.84800353 0.745679466329 0.043268510817 0.303277366005 0.0254801976423 401
1865.84075426 0.745679466329 0.043268510817 0.297434251094 0.0254801976423 402
1869.05637197 0.745679466329 0.043268510817 0.297434251094 0.0201492722314 403
1869.05284378 0.756512794286 0.043268510817 0.297434251094 0.0201492722314 404
1876.3796449 0.756512794286 0.0427422755783 0.297434251094 0.0201492722314 405
1876.37910304 0.756512794286 0.0427422755783 0.296873645143 0.0201492722314 406
1877.09775882 0.756512794286 0.0427422755783 0.296873645143 0.018954895013 407
1877.1058342 0.730329142733 0.0427422755783 0.296873645143 0.018954895013 408
1887.05684289 0.730329142733 0.0420378063102 0.296873645143 0.018954895013 409
1887.06903068 0.730329142733 0.0420378063102 0.310193080564 0.018954895013 410
1887.06903068 0.730329142733 0.0420378063102 0.310193080564 0.018954895013 411
1887.07994115 0.698540135782 0.0420378063102 0.310193080564 0.018954895013 412
1892.15627119 0.698540135782 0.0416829074268 0.310193080564 0.018954895013 413
1892.1581792 0.698540135782 0.0416829074268 0.312240181195 0.018954895013 414
1892.1581792 0.698540135782 0.0416829074268 0.312240181195 0.018954895013 415
1892.15498921 0.70755933494 0.0416829074268 0.312240181195 0.018954895013 416
1892.37589784 0.70755933494 0.0416675314475 0.312240181195 0.018954895013 417
1892.36769877 0.70755933494 0.0416675314475 0.30338967138 0.018954895013 418
1896.2544177 0.70755933494 0.0416675314475 0.30338967138 0.0124632272512 419
1896.25420577 0.708502527922 0.0416675314475 0.30338967138 0.0124632272512 420
1909.15265898 0.708502527922 0.0407796524286 0.30338967138 0.0124632272512 421
1909.15542398 0.708502527922 0.0407796524286 0.307949128098 0.0124632272512 422
1912.79600673 0.708502527922 0.0407796524286 0.307949128098 0.00634751507769 423
1912.7958564 0.709773248744 0.0407796524286 0.307949128098 0.00634751507769 424
1922.87945099 0.709773248744 0.0400988180935 0.307949128098 0.00634751507769 425
1922.88861179 0.709773248744 0.0400988180935 0.337529574759 0.00634751507769 426
1922.88861179 0.709773248744 0.0400988180935 0.337529574759 0.00634751507769 427
1922.88883653 0.708001903414 0.0400988180935 0.337529574759 0.00634751507769 428
1927.84224289 0.708001903414 0.0397685405846 0.337529574759 0.00634751507769 429
1927.84194061 0.708001903414 0.0397685405846 0.336531135332 0.00634751507769 430
1927.84194061 0.708001903414 0.0397685405846 0.336531135332 0.00634751507769 431
1927.83983427 0.725177048328 0.0397685405846 0.336531135332 0.00634751507769 432
1946.69302651 0.725177048328 0.038536168233 0.336531135332 0.00634751507769 433
1946.69343843 0.725177048328 0.038536168233 0.337955936332 0.00634751507769 434
1946.69343843 0.725177048328 0.038536168233 0.337955936332 0.00634751507769 435
1946.69618699 0.702281206614 0.038536168233 0.337955936332 0.00634751507769 436
1946.69618699 0.702281206614 0.038536168233 0.337955936332 0.00634751507769 437
1946.70069486 0.702281206614 0.038536168233 0.353286214399 0.00634751507769 438
1946.70069486 0.702281206614 0.038536168233 0.353286214399 0.00634751507769 439
1946.69974778 0.709676443946 0.038536168233 0.353286214399 0.00634751507769 440
1967.47108413 0.709676443946 0.0372225751692 0.353286214399 0.00634751507769 441
1967.47231535 0.709676443946 0.0372225751692 0.357681712603 0.00634751507769 442
1967.47231535 0.709676443946 0.0372225751692 0.357681712603 0.00634751507769 443
1967.47450596 0.692387697581 0.0372225751692 0.357681712603 0.00634751507769 444
1970.89259976 0.692387697581 0.0370107439739 0.357681712603 0.00634751507769 445
1970.89305751 0.692387697581 0.0370107439739 0.359295303735 0.00634751507769 446
1970.89305751 0.692387697581 0.0370107439739 0.359295303735 0.00634751507769 447
1970.89222266 0.698884757306 0.0370107439739 0.359295303735 0.00634751507769 448
1974.90048397 0.698884757306 0.0367638736902 0.359295303735 0.00634751507769 449
1974.90103901 0.698884757306 0.0367638736902 0.361282036752 0.00634751507769 450
1974.90103901 0.698884757306 0.0367638736902 0.361282036752 0.00634751507769 451
1974.90059128 0.702428033508 0.0367638736902 0.361282036752 0.00634751507769 452
1995.72595173 0.702428033508 0.0355074935219 0.361282036752 0.00634751507769 453
1995.72269851 0.702428033508 0.0355074935219 0.349308975947 0.00634751507769 454
1995.5397815 0.702428033508 0.0355074935219 0.349308975947 0.00665574285248 455
1995.53645993 0.730693100451 0.0355074935219 0.349308975947 0.00665574285248 456
1995.53645993 0.730693100451 0.0355074935219 0.349308975947 0.00665574285248 457
1995.53497294 0.730693100451 0.0355074935219 0.343949613446 0.00665574285248 458
1995.53497294 0.730693100451 0.0355074935219 0.343949613446 0.00665574285248 459
1995.53564797 0.724672458039 0.0355074935219 0.343949613446 0.00665574285248 460
2001.32408962 0.724672458039 0.0351659728722 0.343949613446 0.00665574285248 461
2001.33034018 0.724672458039 0.0351659728722 0.366730200687 0.00665574285248 462
2001.33034018 0.724672458039 0.0351659728722 0.366730200687 0.00665574285248 463
2001.33276387 0.70487977684 0.0351659728722 0.366730200687 0.00665574285248 464
2011.85749466 0.70487977684 0.0345533964837 0.366730200687 0.00665574285248 465
2011.85914606 0.70487977684 0.0345533964837 0.372793535229 0.00665574285248 466
2014.32069291 0.70487977684 0.0345533964837 0.372793535229 0.00249667220708 467
2014.32068235 0.705070813762 0.0345533964837 0.372793535229 0.00249667220708 468
2014.32068235 0.705070813762 0.0345533964837 0.372793535229 0.00249667220708 469
2014.31957849 0.705070813762 0.0345533964837 0.36338130932 0.00249667220708 470
2014.31957849 0.705070813762 0.0345533964837 0.36338130932 0.00249667220708 471
2014.31824577 0.730699346116 0.0345533964837 0.36338130932 0.00249667220708 472
2014.31824577 0.730699346116 0.0345533964837 0.36338130932 0.00249667220708 473
2014.319303 0.730699346116 0.0345533964837 0.372673074948 0.00249667220708 474
2014.319303 0.730699346116 0.0345533964837 0.372673074948 0.00249667220708 475
2014.31845268 0.747654515499 0.0345533964837 0.372673074948 0.00249667220708 476
2034.06713026 0.747654515499 0.0334326998682 0.372673074948 0.00249667220708 477
2034.06807799 0.747654515499 0.0334326998682 0.381481111049 0.00249667220708 478
2034.06807799 0.747654515499 0.0334326998682 0.381481111049 0.00249667220708 479
2034.06853215 0.738385594958 0.0334326998682 0.381481111049 0.00249667220708 480
2034.06853215 0.738385594958 0.0334326998682 0.381481111049 0.00249667220708 481
2034.06945744 0.738385594958 0.0334326998682 0.390057711029 0.00249667220708 482
2034.06945744 0.738385594958 0.0334326998682 0.390057711029 0.00249667220708 483
2034.06912416 0.745020045405 0.0334326998682 0.390057711029 0.00249667220708 484
2041.22205253 0.745020045405 0.0330358149546 0.390057711029 0.00249667220708 485
2041.22309764 0.745020045405 0.0330358149546 0.399998267256 0.00249667220708 486
2041.22309764 0.745020045405 0.0330358149546 0.399998267256 0.00249667220708 487
2041.22314376 0.744105289471 0.0330358149546 0.399998267256 0.00249667220708 488
2060.87303147 0.744105289471 0.0319696100472 0.399998267256 0.00249667220708 489
2060.87236865 0.744105289471 0.0319696100472 0.393512253564 0.00249667220708 490
2060.87236865 0.744105289471 0.0319696100472 0.393512253564 0.00249667220708 491
2060.872276 0.746040266934 0.0319696100472 0.393512253564 0.00249667220708 492
2060.872276 0.746040266934 0.0319696100472 0.393512253564 0.00249667220708 493
2060.87389574 0.746040266934 0.0319696100472 0.409460024903 0.00249667220708 494
2060.87389574 0.746040266934 0.0319696100472 0.409460024903 0.00249667220708 495
2060.87303247 0.763869324778 0.0319696100472 0.409460024903 0.00249667220708 496
2060.87303247 0.763869324778 0.0319696100472 0.409460024903 0.00249667220708 497
2060.87396082 0.763869324778 0.0319696100472 0.418883376483 0.00249667220708 498
2060.87396082 0.763869324778 0.0319696100472 0.418883376483 0.00249667220708 499
2060.87463706 0.75012734016 0.0319696100472 0.418883376483 0.00249667220708 500
2079.6297651 0.75012734016 0.0309840668662 0.418883376483 0.00249667220708 501
2079.6295912 0.75012734016 0.0309840668662 0.417092804553 0.00249667220708 502
2079.6295912 0.75012734016 0.0309840668662 0.417092804553 0.00249667220708 503
2079.62891168 0.764466408647 0.0309840668662 0.417092804553 0.00249667220708 504
2100.04375464 0.764466408647 0.029945814741 0.417092804553 0.00249667220708 505
2100.0446911 0.764466408647 0.029945814741 0.427214609417 0.00249667220708 506
2100.0446911 0.764466408647 0.029945814741 0.427214609417 0.00249667220708 507
2100.04260255 0.812918770089 0.029945814741 0.427214609417 0.00249667220708 508
2105.47485473 0.812918770089 0.0296754530936 0.427214609417 0.00249667220708 509
2105.47343323 0.812918770089 0.0296754530936 0.410946089932 0.00249667220708 510
2104.93159621 0.812918770089 0.0296754530936 0.410946089932 0.00341060576394 511
2104.93069577 0.831594337775 0.0296754530936 0.410946089932 0.00341060576394 512
2104.93069577 0.831594337775 0.0296754530936 0.410946089932 0.00341060576394 513
2104.93140284 0.831594337775 0.0296754530936 0.417306250714 0.00341060576394 514
2104.93140284 0.831594337775 0.0296754530936 0.417306250714 0.00341060576394 515
2104.9330313 0.798901008662 0.0296754530936 0.417306250714 0.00341060576394 516
2105.30836676 0.798901008662 0.0296568628913 0.417306250714 0.00341060576394 517
2105.31045156 0.798901008662 0.0296568628913 0.435648400359 0.00341060576394 518
2105.31045156 0.798901008662 0.0296568628913 0.435648400359 0.00341060576394 519
2105.31011217 0.805231233462 0.0296568628913 0.435648400359 0.00341060576394 520
2105.31011217 0.805231233462 0.0296568628913 0.435648400359 0.00341060576394 521
2105.31256913 0.805231233462 0.0296568628913 0.457758881429 0.00341060576394 522
2105.31256913 0.805231233462 0.0296568628913 0.457758881429 0.00341060576394 523
2105.31207919 0.814114675563 0.0296568628913 0.457758881429 0.00341060576394 524
2105.31207919 0.814114675563 0.0296568628913 0.457758881429 0.00341060576394 525
2105.31382691 0.814114675563 0.0296568628913 0.473853501683 0.00341060576394 526
2105.31382691 0.814114675563 0.0296568628913 0.473853501683 0.00341060576394 527
2105.31148964 0.857841037118 0.0296568628913 0.473853501683 0.00341060576394 528
2126.15266012 0.857841037118 0.0286426770079 0.473853501683 0.00341060576394 529
2126.15252561 0.857841037118 0.0286426770079 0.472512508045 0.00341060576394 530
2126.15252561 0.857841037118 0.0286426770079 0.472512508045 0.00341060576394 531
2126.15282928 0.851658147879 0.0286426770079 0.472512508045 0.00341060576394 532
2131.11806883 0.851658147879 0.028406216538 0.472512508045 0.00341060576394 533
2131.11743618 0.851658147879 0.028406216538 0.466216458656 0.00341060576394 534
2131.11743618 0.851658147879 0.028406216538 0.466216458656 0.00341060576394 535
2131.11612371 0.879667804244 0.028406216538 0.466216458656 0.00341060576394 536
2131.11612371 0.879667804244 0.028406216538 0.466216458656 0.00341060576394 537
2131.11564595 0.879667804244 0.028406216538 0.461350086572 0.00341060576394 538
2131.11564595 0.879667804244 0.028406216538 0.461350086572 0.00341060576394 539
2131.1152515 0.888545925096 0.028406216538 0.461350086572 0.00341060576394 540
2138.60109296 0.888545925096 0.0280534037991 0.461350086572 0.00341060576394 541
2138.60224743 0.888545925096 0.0280534037991 0.473365494611 0.00341060576394 542
2138.60224743 0.888545925096 0.0280534037991 0.473365494611 0.00341060576394 543
2138.60317106 0.868272684824 0.0280534037991 0.473365494611 0.00341060576394 544
2146.31953299 0.868272684824 0.0276943115701 0.473365494611 0.00341060576394 545
2146.32025439 0.868272684824 0.0276943115701 0.480862344295 0.00341060576394 546
2146.32025439 0.868272684824 0.0276943115701 0.480862344295 0.00341060576394 547
2146.32085642 0.855579594485 0.0276943115701 0.480862344295 0.00341060576394 548
2162.07375621 0.855579594485 0.0269754336019 0.480862344295 0.00341060576394 549
2162.07406671 0.855579594485 0.0269754336019 0.484133054788 0.00341060576394 550
2162.07406671 0.855579594485 0.0269754336019 0.484133054788 0.00341060576394 551
2162.07511887 0.833846107729 0.0269754336019 0.484133054788 0.00341060576394 552
2162.07511887 0.833846107729 0.0269754336019 0.484133054788 0.00341060576394 553
2162.07580369 0.833846107729 0.0269754336019 0.491215614586 0.00341060576394 554
2162.07580369 0.833846107729 0.0269754336019 0.491215614586 0.00341060576394 555
2162.0748827 0.852538111132 0.0269754336019 0.491215614586 0.00341060576394 556
2162.0748827 0.852538111132 0.0269754336019 0.491215614586 0.00341060576394 557
2162.0746245 0.852538111132 0.0269754336019 0.48849041967 0.00341060576394 558
2162.0746245 0.852538111132 0.0269754336019 0.48849041967 0.00341060576394 559
2162.0738832 0.868299214423 0.0269754336019 0.48849041967 0.00341060576394 560
2162.0738832 0.868299214423 0.0269754336019 0.48849041967 0.00341060576394 561
2162.07443686 0.868299214423 0.0269754336019 0.494432009967 0.00341060576394 562
2162.07443686 0.868299214423 0.0269754336019 0.494432009967 0.00341060576394 563
2162.07424729 0.872377275887 0.0269754336019 0.494432009967 0.00341060576394 564
2168.58816293 0.872377275887 0.0266836550099 0.494432009967 0.00341060576394 565
2168.58886926 0.872377275887 0.0266836550099 0.502147191989 0.00341060576394 566
2168.58886926 0.872377275887 0.0266836550099 0.502147191989 0.00341060576394 567
2168.58994976 0.849722547569 0.0266836550099 0.502147191989 0.00341060576394 568
2181.41426409 0.849722547569 0.0261184038639 0.502147191989 0.00341060576394 569
2181.41402671 0.849722547569 0.0261184038639 0.499560793695 0.00341060576394 570
2181.41402671 0.849722547569 0.0261184038639 0.499560793695 0.00341060576394 571
2181.41562405 0.817509593697 0.0261184038639 0.499560793695 0.00341060576394 572
2181.41562405 0.817509593697 0.0261184038639 0.499560793695 0.00341060576394 573
2181.41748902 0.817509593697 0.0261184038639 0.519324509346 0.00341060576394 574
2181.41748902 0.817509593697 0.0261184038639 0.519324509346 0.00341060576394 575
2181.41664454 0.833600344268 0.0261184038639 0.519324509346 0.00341060576394 576
2184.67074883 0.833600344268 0.0259768886683 0.519324509346 0.00341060576394 577
2184.66999581 0.833600344268 0.0259768886683 0.511143168066 0.00341060576394 578
2184.98644319 0.833600344268 0.0259768886683 0.511143168066 0.00287606318404 579
2184.98642957 0.833910136889 0.0259768886683 0.511143168066 0.00287606318404 580
2186.42646662 0.833910136889 0.0259145096465 0.511143168066 0.00287606318404 581
2186.42699291 0.833910136889 0.0259145096465 0.517735293083 0.00287606318404 582
2186.42699291 0.833910136889 0.0259145096465 0.517735293083 0.00287606318404 583
2186.42629495 0.849939424729 0.0259145096465 0.517735293083 0.00287606318404 584
2186.42629495 0.849939424729 0.0259145096465 0.517735293083 0.00287606318404 585
2186.4252869 0.849939424729 0.0259145096465 0.504924054394 0.00287606318404 586
2186.4252869 0.849939424729 0.0259145096465 0.504924054394 0.00287606318404 587
2186.42585256 0.836588169601 0.0259145096465 0.504924054394 0.00287606318404 588
2186.42585256 0.836588169601 0.0259145096465 0.504924054394 0.00287606318404 589
2186.42565103 0.836588169601 0.0259145096465 0.502409049708 0.00287606318404 590
2186.42565103 0.836588169601 0.0259145096465 0.502409049708 0.00287606318404 591
2186.42586643 0.831591296663 0.0259145096465 0.502409049708 0.00287606318404 592
2197.07257055 0.831591296663 0.0254579440801 0.502409049708 0.00287606318404 593
2197.07177315 0.831591296663 0.0254579440801 0.49239650364 0.00287606318404 594
2197.07177315 0.831591296663 0.0254579440801 0.49239650364 0.00287606318404 595
2197.07176691 0.831740579533 0.0254579440801 0.49239650364 0.00287606318404 596
2197.07176691 0.831740579533 0.0254579440801 0.49239650364 0.00287606318404 597
2197.07220015 0.831740579533 0.0254579440801 0.497829373198 0.00287606318404 598
2197.07220015 0.831740579533 0.0254579440801 0.497829373198 0.00287606318404 599
2197.07199562 0.836616627952 0.0254579440801 0.497829373198 0.00287606318404 600
2195.79914286 0.836616627952 0.0255121019451 0.497829373198 0.00287606318404 601
2195.79779922 0.836616627952 0.0255121019451 0.480990343856 0.00287606318404 602
2195.79779922 0.836616627952 0.0255121019451 0.480990343856 0.00287606318404 603
2195.79728993 0.849410190294 0.0255121019451 0.480990343856 0.00287606318404 604
2195.79728993 0.849410190294 0.0255121019451 0.480990343856 0.00287606318404 605
2195.79694723 0.849410190294 0.0255121019451 0.476671313856 0.00287606318404 606
2195.79694723 0.849410190294 0.0255121019451 0.476671313856 0.00287606318404 607
2195.79759072 0.833172148841 0.0255121019451 0.476671313856 0.00287606318404 608
2198.53293483 0.833172148841 0.0253958595743 0.476671313856 0.00287606318404 609
2198.5339528 0.833172148841 0.0253958595743 0.489378952089 0.00287606318404 610
2198.5339528 0.833172148841 0.0253958595743 0.489378952089 0.00287606318404 611
2198.53411815 0.829183840963 0.0253958595743 0.489378952089 0.00287606318404 612
2198.53411815 0.829183840963 0.0253958595743 0.489378952089 0.00287606318404 613
2198.53545132 0.829183840963 0.0253958595743 0.50611550009 0.00287606318404 614
2198.53545132 0.829183840963 0.0253958595743 0.50611550009 0.00287606318404 615
2198.53548532 0.828394332838 0.0253958595743 0.50611550009 0.00287606318404 616
2204.9344954 0.828394332838 0.0251259881969 0.50611550009 0.00287606318404 617
2204.93588373 0.828394332838 0.0251259881969 0.52387730497 0.00287606318404 618
2204.93588373 0.828394332838 0.0251259881969 0.52387730497 0.00287606318404 619
2204.93593913 0.827139567194 0.0251259881969 0.52387730497 0.00287606318404 620
2221.34231845 0.827139567194 0.0244470959223 0.52387730497 0.00287606318404 621
2221.34244101 0.827139567194 0.0244470959223 0.525489600271 0.00287606318404 622
2221.34244101 0.827139567194 0.0244470959223 0.525489600271 0.00287606318404 623
2221.34240439 0.827989600678 0.0244470959223 0.525489600271 0.00287606318404 624
2221.34240439 0.827989600678 0.0244470959223 0.525489600271 0.00287606318404 625
2221.3424548 0.827989600678 0.0244470959223 0.526153731594 0.00287606318404 626
2221.3424548 0.827989600678 0.0244470959223 0.526153731594 0.00287606318404 627
2221.34149897 0.850794286697 0.0244470959223 0.526153731594 0.00287606318404 628
2221.34149897 0.850794286697 0.0244470959223 0.526153731594 0.00287606318404 629
2221.34115791 0.850794286697 0.0244470959223 0.521559012699 0.00287606318404 630
2221.34115791 0.850794286697 0.0244470959223 0.521559012699 0.00287606318404 631
2221.34083619 0.858827350306 0.0244470959223 0.521559012699 0.00287606318404 632
2221.34083619 0.858827350306 0.0244470959223 0.521559012699 0.00287606318404 633
2221.34011256 0.858827350306 0.0244470959223 0.511774358256 0.00287606318404 634
2221.23867466 0.858827350306 0.0244470959223 0.511774358256 0.00304719589838 635
2221.23849852 0.863170432849 0.0244470959223 0.511774358256 0.00304719589838 636
2221.23849852 0.863170432849 0.0244470959223 0.511774358256 0.00304719589838 637
2221.24001837 0.863170432849 0.0244470959223 0.531521365228 0.00304719589838 638
2221.24001837 0.863170432849 0.0244470959223 0.531521365228 0.00304719589838 639
2221.23917288 0.883863165213 0.0244470959223 0.531521365228 0.00304719589838 640
2234.04956947 0.883863165213 0.0239297841695 0.531521365228 0.00304719589838 641
2234.04984144 0.883863165213 0.0239297841695 0.535219358683 0.00304719589838 642
2234.04984144 0.883863165213 0.0239297841695 0.535219358683 0.00304719589838 643
2234.05005875 0.878366879936 0.0239297841695 0.535219358683 0.00304719589838 644
2253.25784912 0.878366879936 0.0231745713259 0.535219358683 0.00304719589838 645
2253.2585404 0.878366879936 0.0231745713259 0.544865470967 0.00304719589838 646
2253.2585404 0.878366879936 0.0231745713259 0.544865470967 0.00304719589838 647
2253.25853239 0.87857139775 0.0231745713259 0.544865470967 0.00304719589838 648
2253.25853239 0.87857139775 0.0231745713259 0.544865470967 0.00304719589838 649
2253.2580832 0.87857139775 0.0231745713259 0.538590084239 0.00304719589838 650
2249.80660366 0.87857139775 0.0231745713259 0.538590084239 0.00885212215082 651
2249.80608538 0.883901456801 0.0231745713259 0.538590084239 0.00885212215082 652
2249.80608538 0.883901456801 0.0231745713259 0.538590084239 0.00885212215082 653
2249.80570703 0.883901456801 0.0231745713259 0.536532815116 0.00885212215082 654
2249.80570703 0.883901456801 0.0231745713259 0.536532815116 0.00885212215082 655
2249.80734623 0.867202948947 0.0231745713259 0.536532815116 0.00885212215082 656
2266.12856375 0.867202948947 0.0225515607998 0.536532815116 0.00885212215082 657
2266.13084737 0.867202948947 0.0225515607998 0.549077213792 0.00885212215082 658
2266.13084737 0.867202948947 0.0225515607998 0.549077213792 0.00885212215082 659
2266.12871774 0.889149436134 0.0225515607998 0.549077213792 0.00885212215082 660
2266.12871774 0.889149436134 0.0225515607998 0.549077213792 0.00885212215082 661
2266.12583179 0.889149436134 0.0225515607998 0.532910084105 0.00885212215082 662
2266.12583179 0.889149436134 0.0225515607998 0.532910084105 0.00885212215082 663
2266.12602776 0.887022670357 0.0225515607998 0.532910084105 0.00885212215082 664
2266.12602776 0.887022670357 0.0225515607998 0.532910084105 0.00885212215082 665
2266.12258508 0.887022670357 0.0225515607998 0.51389226313 0.00885212215082 666
2266.12258508 0.887022670357 0.0225515607998 0.51389226313 0.00885212215082 667
2266.12203251 0.893263252089 0.0225515607998 0.51389226313 0.00885212215082 668
2266.12203251 0.893263252089 0.0225515607998 0.51389226313 0.00885212215082 669
2266.12573922 0.893263252089 0.0225515607998 0.534498416796 0.00885212215082 670
2266.12573922 0.893263252089 0.0225515607998 0.534498416796 0.00885212215082 671
2266.12571765 0.89349950761 0.0225515607998 0.534498416796 0.00885212215082 672
2266.12571765 0.89349950761 0.0225515607998 0.534498416796 0.00885212215082 673
2266.12519256 0.89349950761 0.0225515607998 0.531560529095 0.00885212215082 674
2266.12519256 0.89349950761 0.0225515607998 0.531560529095 0.00885212215082 675
2266.12368277 0.910447223529 0.0225515607998 0.531560529095 0.00885212215082 676
2266.12368277 0.910447223529 0.0225515607998 0.531560529095 0.00885212215082 677
2266.12759666 0.910447223529 0.0225515607998 0.553945965835 0.00885212215082 678
2264.2978891 0.910447223529 0.0225515607998 0.553945965835 0.0119150685351 679
2264.30386614 0.863427747139 0.0225515607998 0.553945965835 0.0119150685351 680
2264.30386614 0.863427747139 0.0225515607998 0.553945965835 0.0119150685351 681
2264.30364285 0.863427747139 0.0225515607998 0.553018487279 0.0119150685351 682
2264.30364285 0.863427747139 0.0225515607998 0.553018487279 0.0119150685351 683
2264.30201177 0.875785137791 0.0225515607998 0.553018487279 0.0119150685351 684
2264.30201177 0.875785137791 0.0225515607998 0.553018487279 0.0119150685351 685
2264.29975348 0.875785137791 0.0225515607998 0.543557025226 0.0119150685351 686
2264.29975348 0.875785137791 0.0225515607998 0.543557025226 0.0119150685351 687
2264.30138214 0.863241479037 0.0225515607998 0.543557025226 0.0119150685351 688
2269.03082755 0.863241479037 0.0223741710846 0.543557025226 0.0119150685351 689
2269.02596219 0.863241479037 0.0223741710846 0.52347832845 0.0119150685351 690
2267.87371488 0.863241479037 0.0223741710846 0.52347832845 0.0138387381812 691
2267.87643381 0.844967803906 0.0223741710846 0.52347832845 0.0138387381812 692
2268.65349218 0.844967803906 0.0223451585851 0.52347832845 0.0138387381812 693
2268.65250508 0.844967803906 0.0223451585851 0.520039051483 0.0138387381812 694
2268.65250508 0.844967803906 0.0223451585851 0.520039051483 0.0138387381812 695
2268.6476583 0.878376925182 0.0223451585851 0.520039051483 0.0138387381812 696
2268.6476583 0.878376925182 0.0223451585851 0.520039051483 0.0138387381812 697
2268.64305835 0.878376925182 0.0223451585851 0.503613534555 0.0138387381812 698
2268.64305835 0.878376925182 0.0223451585851 0.503613534555 0.0138387381812 699
2268.63811604 0.916533737893 0.0223451585851 0.503613534555 0.0138387381812 700
2274.33556502 0.916533737893 0.0221335881656 0.503613534555 0.0138387381812 701
2274.33479322 0.916533737893 0.0221335881656 0.500760725098 0.0138387381812 702
2277.48057963 0.916533737893 0.0221335881656 0.500760725098 0.00858744472437 703
2277.47870427 0.941355251578 0.0221335881656 0.500760725098 0.00858744472437 704
2277.07201212 0.941355251578 0.0221486226474 0.500760725098 0.00858744472437 705
2277.07327269 0.941355251578 0.0221486226474 0.508282362657 0.00858744472437 706
2277.07327269 0.941355251578 0.0221486226474 0.508282362657 0.00858744472437 707
2277.07470666 0.922537413615 0.0221486226474 0.508282362657 0.00858744472437 708
2280.14422489 0.922537413615 0.0220354009663 0.508282362657 0.00858744472437 709
2280.14495465 0.922537413615 0.0220354009663 0.512604847847 0.00858744472437 710
2280.14495465 0.922537413615 0.0220354009663 0.512604847847 0.00858744472437 711
2280.14387827 0.936548008924 0.0220354009663 0.512604847847 0.00858744472437 712
2280.12356324 0.936548008924 0.0220361483959 0.512604847847 0.00858744472437 713
2280.12667507 0.936548008924 0.0220361483959 0.531428030186 0.00858744472437 714
2279.07015919 0.936548008924 0.0220361483959 0.531428030186 0.0103551239068 715
2279.06843961 0.955332342939 0.0220361483959 0.531428030186 0.0103551239068 716
2294.08767212 0.955332342939 0.0214904108127 0.531428030186 0.0103551239068 717
2294.08790543 0.955332342939 0.0214904108127 0.532663410055 0.0103551239068 718
2294.08790543 0.955332342939 0.0214904108127 0.532663410055 0.0103551239068 719
2294.08563019 0.98202221761 0.0214904108127 0.532663410055 0.0103551239068 720
2294.08563019 0.98202221761 0.0214904108127 0.532663410055 0.0103551239068 721
2294.08608332 0.98202221761 0.0214904108127 0.53512000728 0.0103551239068 722
2299.64182322 0.98202221761 0.0214904108127 0.53512000728 0.00103361855324 723
2299.64217448 0.956892579171 0.0214904108127 0.53512000728 0.00103361855324 724
2299.64217448 0.956892579171 0.0214904108127 0.53512000728 0.00103361855324 725
2299.64213321 0.956892579171 0.0214904108127 0.53367855212 0.00103361855324 726
2299.64213321 0.956892579171 0.0214904108127 0.53367855212 0.00103361855324 727
2299.64215562 0.955329397396 0.0214904108127 0.53367855212 0.00103361855324 728
2299.64215562 0.955329397396 0.0214904108127 0.53367855212 0.00103361855324 729
2299.64167954 0.955329397396 0.0214904108127 0.517151476742 0.00103361855324 730
2299.64167954 0.955329397396 0.0214904108127 0.517151476742 0.00103361855324 731
2299.64213586 0.923658643355 0.0214904108127 0.517151476742 0.00103361855324 732
2313.53888754 0.923658643355 0.0209975629408 0.517151476742 0.00103361855324 733
2313.5384926 0.923658643355 0.0209975629408 0.50367768981 0.00103361855324 734
2313.5384926 0.923658643355 0.0209975629408 0.50367768981 0.00103361855324 735
2313.53889843 0.895927130215 0.0209975629408 0.50367768981 0.00103361855324 736
2313.53889843 0.895927130215 0.0209975629408 0.50367768981 0.00103361855324 737
2313.53891263 0.895927130215 0.0209975629408 0.504148017442 0.00103361855324 738
2313.53891263 0.895927130215 0.0209975629408 0.504148017442 0.00103361855324 739
2313.53871725 0.909053164898 0.0209975629408 0.504148017442 0.00103361855324 740
2313.53871725 0.909053164898 0.0209975629408 0.504148017442 0.00103361855324 741
2313.53830119 0.909053164898 0.0209975629408 0.490255564483 0.00103361855324 742
2313.53830119 0.909053164898 0.0209975629408 0.490255564483 0.00103361855324 743
2313.53794136 0.934986739691 0.0209975629408 0.490255564483 0.00103361855324 744
2324.04097336 0.934986739691 0.0206325873809 0.490255564483 0.00103361855324 745
2324.04175552 0.934986739691 0.0206325873809 0.517522821636 0.00103361855324 746
2324.04175552 0.934986739691 0.0206325873809 0.517522821636 0.00103361855324 747
2324.04185148 0.928165305284 0.0206325873809 0.517522821636 0.00103361855324 748
2324.04185148 0.928165305284 0.0206325873809 0.517522821636 0.00103361855324 749
2324.04195322 0.928165305284 0.0206325873809 0.521079580134 0.00103361855324 750
2324.13299323 0.928165305284 0.0206325873809 0.521079580134 0.000880205998355 751
2324.13310033 0.920053702053 0.0206325873809 0.521079580134 0.000880205998355 752
2324.13310033 0.920053702053 0.0206325873809 0.521079580134 0.000880205998355 753
2324.13287571 0.920053702053 0.0206325873809 0.51251641375 0.000880205998355 754
2324.13287571 0.920053702053 0.0206325873809 0.51251641375 0.000880205998355 755
2324.13292205 0.916532646042 0.0206325873809 0.51251641375 0.000880205998355 756
2326.98076673 0.916532646042 0.0205347240652 0.51251641375 0.000880205998355 757
2326.98065373 0.916532646042 0.0205347240652 0.508219893921 0.000880205998355 758
2326.98065373 0.916532646042 0.0205347240652 0.508219893921 0.000880205998355 759
2326.98066948 0.915326202926 0.0205347240652 0.508219893921 0.000880205998355 760
2326.98066948 0.915326202926 0.0205347240652 0.508219893921 0.000880205998355 761
2326.98021531 0.915326202926 0.0205347240652 0.491074823674 0.000880205998355 762
2326.98021531 0.915326202926 0.0205347240652 0.491074823674 0.000880205998355 763
2326.97984626 0.945483237336 0.0205347240652 0.491074823674 0.000880205998355 764
2345.63845201 0.945483237336 0.0199049241255 0.491074823674 0.000880205998355 765
2345.63829125 0.945483237336 0.0199049241255 0.484711104595 0.000880205998355 766
2345.63829125 0.945483237336 0.0199049241255 0.484711104595 0.000880205998355 767
2345.63776647 0.994218834863 0.0199049241255 0.484711104595 0.000880205998355 768
2357.99494585 0.994218834863 0.019498491742 0.484711104595 0.000880205998355 769
2357.99515282 0.994218834863 0.019498491742 0.493417770838 0.000880205998355 770
2357.99515282 0.994218834863 0.019498491742 0.493417770838 0.000880205998355 771
2357.9948359 1.02630620085 0.019498491742 0.493417770838 0.000880205998355 772
2361.02128119 1.02630620085 0.0194002225397 0.493417770838 0.000880205998355 773
2361.02158501 1.02630620085 0.0194002225397 0.506698532273 0.000880205998355 774
2361.02158501 1.02630620085 0.0194002225397 0.506698532273 0.000880205998355 775
2361.02164495 1.02020534179 0.0194002225397 0.506698532273 0.000880205998355 776
2361.02164495 1.02020534179 0.0194002225397 0.506698532273 0.000880205998355 777
2361.02181859 1.02020534179 0.0194002225397 0.51430025686 0.000880205998355 778
2361.02181859 1.02020534179 0.0194002225397 0.51430025686 0.000880205998355 779
2361.02191332 1.01084686323 0.0194002225397 0.51430025686 0.000880205998355 780
2361.02191332 1.01084686323 0.0194002225397 0.51430025686 0.000880205998355 781
2361.02155513 1.01084686323 0.0194002225397 0.49877956856 0.000880205998355 782
2361.02155513 1.01084686323 0.0194002225397 0.49877956856 0.000880205998355 783
2361.02136454 1.03044373903 0.0194002225397 0.49877956856 0.000880205998355 784
2366.65540073 1.03044373903 0.0192186016692 0.49877956856 0.000880205998355 785
2366.6555912 1.03044373903 0.0192186016692 0.507216490491 0.000880205998355 786
2366.6555912 1.03044373903 0.0192186016692 0.507216490491 0.000880205998355 787
2366.65553031 1.03682360914 0.0192186016692 0.507216490491 0.000880205998355 788
2366.65553031 1.03682360914 0.0192186016692 0.507216490491 0.000880205998355 789
2366.6552705 1.03682360914 0.0192186016692 0.495660051607 0.000880205998355 790
2366.6552705 1.03682360914 0.0192186016692 0.495660051607 0.000880205998355 791
2366.65508018 1.05776096221 0.0192186016692 0.495660051607 0.000880205998355 792
2374.01961841 1.05776096221 0.0189837572727 0.495660051607 0.000880205998355 793
2374.01966881 1.05776096221 0.0189837572727 0.497956034919 0.000880205998355 794
2374.01966881 1.05776096221 0.0189837572727 0.497956034919 0.000880205998355 795
2374.01999629 1.02196849949 0.0189837572727 0.497956034919 0.000880205998355 796
2374.01999629 1.02196849949 0.0189837572727 0.497956034919 0.000880205998355 797
2374.01994218 1.02196849949 0.0189837572727 0.495560968067 0.000880205998355 798
2374.01994218 1.02196849949 0.0189837572727 0.495560968067 0.000880205998355 799
2374.01988414 1.02816232181 0.0189837572727 0.495560968067 0.000880205998355 800
2374.53517666 1.02816232181 0.0189674331694 0.495560968067 0.000880205998355 801
2374.53525586 1.02816232181 0.0189674331694 0.499088454437 0.000880205998355 802
2374.53525586 1.02816232181 0.0189674331694 0.499088454437 0.000880205998355 803
2374.5354667 1.00614759234 0.0189674331694 0.499088454437 0.000880205998355 804
2374.5354667 1.00614759234 0.0189674331694 0.499088454437 0.000880205998355 805
2374.53587455 1.00614759234 0.0189674331694 0.517048579393 0.000880205998355 806
2374.53587455 1.00614759234 0.0189674331694 0.517048579393 0.000880205998355 807
2374.53588267 1.00534699238 0.0189674331694 0.517048579393 0.000880205998355 808
2374.53588267 1.00534699238 0.0189674331694 0.517048579393 0.000880205998355 809
2374.53574993 1.00534699238 0.0189674331694 0.511185144576 0.000880205998355 810
2374.53574993 1.00534699238 0.0189674331694 0.511185144576 0.000880205998355 811
2374.53607915 0.973587276166 0.0189674331694 0.511185144576 0.000880205998355 812
2394.53882814 0.973587276166 0.0183444912023 0.511185144576 0.000880205998355 813
2394.53868862 0.973587276166 0.0183444912023 0.505038163315 0.000880205998355 814
2394.53868862 0.973587276166 0.0183444912023 0.505038163315 0.000880205998355 815
2394.53874218 0.968378298258 0.0183444912023 0.505038163315 0.000880205998355 816
2394.53874218 0.968378298258 0.0183444912023 0.505038163315 0.000880205998355 817
2394.5389427 0.968378298258 0.0183444912023 0.51383963073 0.000880205998355 818
2394.5389427 0.968378298258 0.0183444912023 0.51383963073 0.000880205998355 819
2394.53879902 0.982239403917 0.0183444912023 0.51383963073 0.000880205998355 820
2400.06643415 0.982239403917 0.0181759821989 0.51383963073 0.000880205998355 821
2400.06651639 0.982239403917 0.0181759821989 0.517535978962 0.000880205998355 822
2400.06651639 0.982239403917 0.0181759821989 0.517535978962 0.000880205998355 823
2400.06641815 0.991972621113 0.0181759821989 0.517535978962 0.000880205998355 824
2402.87055453 0.991972621113 0.0180910912861 0.517535978962 0.000880205998355 825
2402.87086081 0.991972621113 0.0180910912861 0.531548209995 0.000880205998355 826
2402.87086081 0.991972621113 0.0180910912861 0.531548209995 0.000880205998355 827
2402.87060652 1.01752858449 0.0180910912861 0.531548209995 0.000880205998355 828
2410.52049964 1.01752858449 0.0178615133672 0.531548209995 0.000880205998355 829
2410.52040304 1.01752858449 0.0178615133672 0.526970008984 0.000880205998355 830
2410.52040304 1.01752858449 0.0178615133672 0.526970008984 0.000880205998355 831
2410.52020933 1.03835376091 0.0178615133672 0.526970008984 0.000880205998355 832
2410.52020933 1.03835376091 0.0178615133672 0.526970008984 0.000880205998355 833
2410.52010237 1.03835376091 0.0178615133672 0.521828722861 0.000880205998355 834
2410.52010237 1.03835376091 0.0178615133672 0.521828722861 0.000880205998355 835
2410.51988262 1.06328608452 0.0178615133672 0.521828722861 0.000880205998355 836
2416.44268955 1.06328608452 0.0176857694792 0.521828722861 0.000880205998355 837
2416.44257089 1.06328608452 0.0176857694792 0.515981775678 0.000880205998355 838
2413.51692509 1.06328608452 0.0176857694792 0.515981775678 0.00578356234536 839
2413.51773116 1.03933979883 0.0176857694792 0.515981775678 0.00578356234536 840
2414.71440623 1.03933979883 0.0176504702238 0.515981775678 0.00578356234536 841
2414.71512637 1.03933979883 0.0176504702238 0.524081369179 0.00578356234536 842
2414.71512637 1.03933979883 0.0176504702238 0.524081369179 0.00578356234536 843
2414.716246 1.00822707022 0.0176504702238 0.524081369179 0.00578356234536 844
2415.52337266 1.00822707022 0.0176267015105 0.524081369179 0.00578356234536 845
2415.52291296 1.00822707022 0.0176267015105 0.519017376543 0.00578356234536 846
2416.7777971 1.00822707022 0.0176267015105 0.519017376543 0.00368212352572 847
2416.77818202 0.993026699269 0.0176267015105 0.519017376543 0.00368212352572 848
2431.21006683 0.993026699269 0.0172070738935 0.519017376543 0.00368212352572 849
2431.21037712 0.993026699269 0.0172070738935 0.524152513599 0.00368212352572 850
2431.21037712 0.993026699269 0.0172070738935 0.524152513599 0.00368212352572 851
2431.21031865 0.995339747249 0.0172070738935 0.524152513599 0.00368212352572 852
2431.21031865 0.995339747249 0.0172070738935 0.524152513599 0.00368212352572 853
2431.21055078 0.995339747249 0.0172070738935 0.528016266491 0.00368212352572 854
2431.21055078 0.995339747249 0.0172070738935 0.528016266491 0.00368212352572 855
2431.21116611 0.971692147237 0.0172070738935 0.528016266491 0.00368212352572 856
2431.21116611 0.971692147237 0.0172070738935 0.528016266491 0.00368212352572 857
2431.21157922 0.971692147237 0.0172070738935 0.534794712475 0.00368212352572 858
2431.22482592 0.971692147237 0.0172070738935 0.534794712475 0.00365990660794 859
2431.22399102 1.00381271999 0.0172070738935 0.534794712475 0.00365990660794 860
2431.22399102 1.00381271999 0.0172070738935 0.534794712475 0.00365990660794 861
2431.22376173 1.00381271999 0.0172070738935 0.530910551592 0.00365990660794 862
2431.22376173 1.00381271999 0.0172070738935 0.530910551592 0.00365990660794 863
2431.22450029 0.975094710302 0.0172070738935 0.530910551592 0.00365990660794 864
2432.61696379 0.975094710302 0.0171671182614 0.530910551592 0.00365990660794 865
2432.61705894 0.975094710302 0.0171671182614 0.532487527613 0.00365990660794 866
2432.71257377 0.975094710302 0.0171671182614 0.532487527613 0.00349971617812 867
2432.71257021 0.975234147652 0.0171671182614 0.532487527613 0.00349971617812 868
2432.71257021 0.975234147652 0.0171671182614 0.532487527613 0.00349971617812 869
2432.7108853 0.975234147652 0.0171671182614 0.503807149038 0.00349971617812 870
2432.7108853 0.975234147652 0.0171671182614 0.503807149038 0.00349971617812 871
2432.71158458 0.947165740295 0.0171671182614 0.503807149038 0.00349971617812 872
2432.71158458 0.947165740295 0.0171671182614 0.503807149038 0.00349971617812 873
2432.71191105 0.947165740295 0.0171671182614 0.509184414175 0.00349971617812 874
2432.92698097 0.947165740295 0.0171671182614 0.509184414175 0.00313902850334 875
2432.92722438 0.937026919245 0.0171671182614 0.509184414175 0.00313902850334 876
2449.62762976 0.937026919245 0.0166950840036 0.509184414175 0.00313902850334 877
2449.62748626 0.937026919245 0.0166950840036 0.506554839272 0.00313902850334 878
2450.06755166 0.937026919245 0.0166950840036 0.506554839272 0.002400783276 879
2450.06760464 0.934258382572 0.0166950840036 0.506554839272 0.002400783276 880
2474.60620659 0.934258382572 0.0160249544017 0.506554839272 0.002400783276 881
2474.60607915 0.934258382572 0.0160249544017 0.503564514421 0.002400783276 882
2474.60607915 0.934258382572 0.0160249544017 0.503564514421 0.002400783276 883
2474.60608949 0.933693966254 0.0160249544017 0.503564514421 0.002400783276 884
2477.8873351 0.933693966254 0.0159374092506 0.503564514421 0.002400783276 885
2477.88748596 0.933693966254 0.0159374092506 0.507118502553 0.002400783276 886
2477.88748596 0.933693966254 0.0159374092506 0.507118502553 0.002400783276 887
2477.88794363 0.909406907775 0.0159374092506 0.507118502553 0.002400783276 888
2498.33313512 0.909406907775 0.0154025940035 0.507118502553 0.002400783276 889
2498.33355301 0.909406907775 0.0154025940035 0.517082927435 0.002400783276 890
2498.33355301 0.909406907775 0.0154025940035 0.517082927435 0.002400783276 891
2498.33376754 0.898284923186 0.0154025940035 0.517082927435 0.002400783276 892
2516.42357444 0.898284923186 0.014944376189 0.517082927435 0.002400783276 893
2516.42224408 0.898284923186 0.014944376189 0.485240242234 0.002400783276 894
2516.42224408 0.898284923186 0.014944376189 0.485240242234 0.002400783276 895
2516.42263763 0.876708584743 0.014944376189 0.485240242234 0.002400783276 896
2521.50843742 0.876708584743 0.0148180249141 0.485240242234 0.002400783276 897
2521.50824529 0.876708584743 0.0148180249141 0.480775373353 0.002400783276 898
2521.50824529 0.876708584743 0.0148180249141 0.480775373353 0.002400783276 899
2521.50807165 0.886267305047 0.0148180249141 0.480775373353 0.002400783276 900
2521.50807165 0.886267305047 0.0148180249141 0.480775373353 0.002400783276 901
2521.50819591 0.886267305047 0.0148180249141 0.483684715022 0.002400783276 902
2521.50819591 0.886267305047 0.0148180249141 0.483684715022 0.002400783276 903
2521.50815545 0.888511980314 0.0148180249141 0.483684715022 0.002400783276 904
2521.50815545 0.888511980314 0.0148180249141 0.483684715022 0.002400783276 905
2521.50842435 0.888511980314 0.0148180249141 0.490022149363 0.002400783276 906
2521.50842435 0.888511980314 0.0148180249141 0.490022149363 0.002400783276 907
2521.50828774 0.896077574104 0.0148180249141 0.490022149363 0.002400783276 908
2521.50828774 0.896077574104 0.0148180249141 0.490022149363 0.002400783276 909
2521.50855335 0.896077574104 0.0148180249141 0.496362227845 0.002400783276 910
2521.50855335 0.896077574104 0.0148180249141 0.496362227845 0.002400783276 911
2521.50913229 0.865253187022 0.0148180249141 0.496362227845 0.002400783276 912
2521.50913229 0.865253187022 0.0148180249141 0.496362227845 0.002400783276 913
2521.50928686 0.865253187022 0.0148180249141 0.499970808722 0.002400783276 914
2521.50928686 0.865253187022 0.0148180249141 0.499970808722 0.002400783276 915
2521.50969215 0.845056445795 0.0148180249141 0.499970808722 0.002400783276 916
2527.69900803 0.845056445795 0.0146656979413 0.499970808722 0.002400783276 917
2527.69904284 0.845056445795 0.0146656979413 0.500776841296 0.002400783276 918
2527.69904284 0.845056445795 0.0146656979413 0.500776841296 0.002400783276 919
2527.69922034 0.836431220443 0.0146656979413 0.500776841296 0.002400783276 920
2527.66548495 0.836431220443 0.0146665239537 0.500776841296 0.002400783276 921
2527.66563936 0.836431220443 0.0146665239537 0.504330299428 0.002400783276 922
2527.66563936 0.836431220443 0.0146665239537 0.504330299428 0.002400783276 923
2527.6654656 0.844813546422 0.0146665239537 0.504330299428 0.002400783276 924
2527.6654656 0.844813546422 0.0146665239537 0.504330299428 0.002400783276 925
2527.66526148 0.844813546422 0.0146665239537 0.499598756693 0.002400783276 926
2527.66526148 0.844813546422 0.0146665239537 0.499598756693 0.002400783276 927
2527.66548014 0.834196387076 0.0146665239537 0.499598756693 0.002400783276 928
2538.84107698 0.834196387076 0.0143954183814 0.499598756693 0.002400783276 929
2538.84051515 0.834196387076 0.0143954183814 0.486621600838 0.002400783276 930
2538.84051515 0.834196387076 0.0143954183814 0.486621600838 0.002400783276 931
2538.83998229 0.861801032652 0.0143954183814 0.486621600838 0.002400783276 932
2538.83998229 0.861801032652 0.0143954183814 0.486621600838 0.002400783276 933
2538.84017606 0.861801032652 0.0143954183814 0.491191940657 0.002400783276 934
2538.84017606 0.861801032652 0.0143954183814 0.491191940657 0.002400783276 935
2538.84030123 0.855212410867 0.0143954183814 0.491191940657 0.002400783276 936
2538.84030123 0.855212410867 0.0143954183814 0.491191940657 0.002400783276 937
2538.84063133 0.855212410867 0.0143954183814 0.498979005659 0.002400783276 938
2538.84063133 0.855212410867 0.0143954183814 0.498979005659 0.002400783276 939
2538.84057209 0.858270367614 0.0143954183814 0.498979005659 0.002400783276 940
2538.84057209 0.858270367614 0.0143954183814 0.498979005659 0.002400783276 941
2538.84132528 0.858270367614 0.0143954183814 0.517009146012 0.002400783276 942
2538.84132528 0.858270367614 0.0143954183814 0.517009146012 0.002400783276 943
2538.84119326 0.864928046183 0.0143954183814 0.517009146012 0.002400783276 944
2542.06946117 0.864928046183 0.0143180418002 0.517009146012 0.002400783276 945
2542.06978935 0.864928046183 0.0143180418002 0.525037466938 0.002400783276 946
2542.06978935 0.864928046183 0.0143180418002 0.525037466938 0.002400783276 947
2542.06956183 0.876535803994 0.0143180418002 0.525037466938 0.002400783276 948
2548.66545626 0.876535803994 0.0141612390306 0.525037466938 0.002400783276 949
2548.66613238 0.876535803994 0.0141612390306 0.542073411449 0.002400783276 950
2548.66613238 0.876535803994 0.0141612390306 0.542073411449 0.002400783276 951
2548.66604458 0.881008434964 0.0141612390306 0.542073411449 0.002400783276 952
2548.66604458 0.881008434964 0.0141612390306 0.542073411449 0.002400783276 953
2548.66626261 0.881008434964 0.0141612390306 0.547639409631 0.002400783276 954
2548.66626261 0.881008434964 0.0141612390306 0.547639409631 0.002400783276 955
2548.66559527 0.916199056176 0.0141612390306 0.547639409631 0.002400783276 956
2548.66559527 0.916199056176 0.0141612390306 0.547639409631 0.002400783276 957
2548.66499011 0.916199056176 0.0141612390306 0.531772704397 0.002400783276 958
2547.26184904 0.916199056176 0.0141612390306 0.531772704397 0.00475120985415 959
2547.26178249 0.918369273074 0.0141612390306 0.531772704397 0.00475120985415 960
2569.00059601 0.918369273074 0.0136564928183 0.531772704397 0.00475120985415 961
2568.99994714 0.918369273074 0.0136564928183 0.522078496711 0.00475120985415 962
2568.54598237 0.918369273074 0.0136564928183 0.522078496711 0.00551010770822 963
2568.54712768 0.884885612236 0.0136564928183 0.522078496711 0.00551010770822 964
2568.54712768 0.884885612236 0.0136564928183 0.522078496711 0.00551010770822 965
2568.54798311 0.884885612236 0.0136564928183 0.53296283188 0.00551010770822 966
2569.0399111 0.884885612236 0.0136564928183 0.53296283188 0.00468727607896 967
2569.03984419 0.887016307256 0.0136564928183 0.53296283188 0.00468727607896 968
2569.03984419 0.887016307256 0.0136564928183 0.53296283188 0.00468727607896 969
2569.04147513 0.887016307256 0.0136564928183 0.557395755858 0.00468727607896 970
2568.47484382 0.887016307256 0.0136564928183 0.557395755858 0.00563547553724 971
2568.4749428 0.884448396209 0.0136564928183 0.557395755858 0.00563547553724 972
2568.4749428 0.884448396209 0.0136564928183 0.557395755858 0.00563547553724 973
2568.47462821 0.884448396209 0.0136564928183 0.553374880245 0.00563547553724 974
2568.47462821 0.884448396209 0.0136564928183 0.553374880245 0.00563547553724 975
2568.47570651 0.857224607048 0.0136564928183 0.553374880245 0.00563547553724 976
2568.47570651 0.857224607048 0.0136564928183 0.553374880245 0.00563547553724 977
2568.47627129 0.857224607048 0.0136564928183 0.560430921239 0.00563547553724 978
2568.47627129 0.857224607048 0.0136564928183 0.560430921239 0.00563547553724 979
2568.47737761 0.831305413752 0.0136564928183 0.560430921239 0.00563547553724 980
2568.47737761 0.831305413752 0.0136564928183 0.560430921239 0.00563547553724 981
2568.47613177 0.831305413752 0.0136564928183 0.545283155626 0.00563547553724 982
2568.47613177 0.831305413752 0.0136564928183 0.545283155626 0.00563547553724 983
2568.47665485 0.819279196696 0.0136564928183 0.545283155626 0.00563547553724 984
2573.49476468 0.819279196696 0.0135425569037 0.545283155626 0.00563547553724 985
2573.49546811 0.819279196696 0.0135425569037 0.553771684958 0.00563547553724 986
2576.17009691 0.819279196696 0.0135425569037 0.553771684958 0.00114950878146 987
2576.16989649 0.834418244943 0.0135425569037 0.553771684958 0.00114950878146 988
2577.62450387 0.834418244943 0.0135097095592 0.553771684958 0.00114950878146 989
2577.62433997 0.834418244943 0.0135097095592 0.546633302564 0.00114950878146 990
2577.62433997 0.834418244943 0.0135097095592 0.546633302564 0.00114950878146 991
2577.62426875 0.840019390608 0.0135097095592 0.546633302564 0.00114950878146 992
2600.13669081 0.840019390608 0.0130113838882 0.546633302564 0.00114950878146 993
2600.13674512 0.840019390608 0.0130113838882 0.549083241012 0.00114950878146 994
2600.13674512 0.840019390608 0.0130113838882 0.549083241012 0.00114950878146 995
2600.13719539 0.804707849829 0.0130113838882 0.549083241012 0.00114950878146 996
2600.13719539 0.804707849829 0.0130113838882 0.549083241012 0.00114950878146 997
2600.13724046 0.804707849829 0.0130113838882 0.551047942469 0.00114950878146 998
2600.13724046 0.804707849829 0.0130113838882 0.551047942469 0.00114950878146 999
